17
22
21
20
16
19
21
20
19
19
22
20
19
10
18
18
21
19
18
20
23
20
20
20
20
22
22
21
21
21
19
23
21
2
20
16
19
19
20
5
20
17
19
18
21
11
22
20
21
21
22
20
23
17
19
18
4
11
19
17
18
19
21
17
17
18
19
18
19
19
17
21
20
20
21
20
18
18
16
22
19
18
22
21
22
22
17
19
18
18
19
20
20
21
5
21
20
20
17
21
22
19
20
18
18
21
22
18
20
20
19
20
23
21
20
21
19
24
20
19
20
22
18
20
18
20
17
2
17
10
21
19
17
20
20
19
23
20
22
18
22
18
18
18
22
18
11
21
21
17
18
11
16
24
20
18
18
16
21
21
9
0
22
23
16
12
20
21
18
23
19
21
19
19
20
18
18
19
19
20
20
18
21
20
17
18
19
22
20
21
18
15
21
20
18
21
0
21
18
18
37
37
11
11
39
39
37
37
36
36
35
35
36
36
39
39
35
35
37
37
33
33
38
38
26
26
38
38
